cobissId	mstid
10000411	10642
10000411	24560
10000411	25977
10000411	28493
10000411	28570
10000411	28574
1000072	10412
1000072	6013
1000072	16114
1000072	18622
10001686	18388
10001686	7545
10001686	5483
10003478	13470
10003478	24994
10003478	21377
1000545	11536
10005531	15107
10005531	6415
10005531	8782
10005531	25462
10009622	21460
10010134	8067
10010134	11064
10010134	18061
10012950	16170
10012950	15571
10012950	21379
10012950	25799
10017051	23468
1002120	11150
1002120	8857
1002376	5098
10024726	4171
10024726	4629
10024726	7814
10024726	10575
10024726	27558
10025494	24334
10025494	19753
10025494	10575
10025494	7814
10025494	15077
10025499	6883
10025499	23470
1002632	5098
1002632	15657
1002632	17875
10027798	11865
10027798	21689
10027798	21690
10040347	18162
10050075	17209
10050075	11700
10050075	8451
10051606	24385
10051862	21460
10055708	27817
10055708	11869
10062102	17808
10062363	5566
10062363	26177
10071324	19108
10071324	15631
10077468	11073
100781	14082
100781	5221
100781	10903
100781	10260
10080283	15646
10080283	29224
10081051	28127
10081051	5210
10081051	5571
10081307	9286
10081307	18836
10081307	25460
10081307	21237
10081307	20046
10081307	23471
10084123	14556
10086678	10827
10086939	13469
10087195	13469
10087195	24245
10087446	15006
10087958	6821
10087958	20032
1008975	9565
1008975	8276
1008975	12183
1009001	12215
10092059	13469
10092059	21960
10092315	13469
1009274	15667
1009274	5091
1009274	4293
10095638	8475
10095638	8919
10095638	10814
10095638	18698
1009619	27826
10099739	15646
10099990	12659
10099990	11369
10100252	15500
10100252	31244
10101788	11869
10101788	10504
10101788	7017
10102550	9796
10102550	20199
10103062	20137
10103062	11064
10103062	8067
10103062	16304
10103067	15163
10103067	9129
10103067	24557
10103068	31244
10103068	15500
10103574	8061
10103574	21301
10103830	10878
10103835	9129
10103835	15163
10105110	22423
10105366	21301
10105366	21537
10105366	14027
10105366	8061
10105622	11945
10105622	18433
10105622	17876
10105622	22439
10105884	18866
10105884	15500
10106646	21460
10106907	15646
10106907	10926
10107670	6428
10107670	13481
10108955	15646
10108955	29224
10109529	7083
10109979	4316
10110235	14342
10110235	25467
10110553	27776
10111003	25461
10111003	24560
10111510	14335
10111510	10369
10111515	16148
10111515	24560
10112283	23010
10113307	23471
10115099	23471
10115099	18836
10115099	16430
10115099	10863
10115099	9286
1011849	3958
10119190	16185
10119190	12657
10119195	11809
10119446	12657
10119446	21806
10119446	21381
10120475	26558
10120475	16173
10120475	9806
10121244	9744
10121244	15500
10121244	31244
10121500	28312
10121500	17041
10121500	11244
10121755	14342
10121755	23369
10121755	22241
10121756	15500
10122011	14342
10122011	22241
10122011	23369
10124377	7083
10128411	9286
10128411	9218
10128411	8456
10130198	11865
10130198	21690
10134555	4316
10135062	10827
10137878	8634
10137878	20232
10140187	15698
10140505	15136
10141212	23340
10142486	5168
10142998	4628
10142998	22213
1014641	18759
10148118	6008
10148118	26217
10148374	16170
10151446	17151
10151446	12623
10151446	14738
10151446	4530
10151958	4530
10151958	14738
10151958	12623
10151958	17151
10152732	19108
10152732	29769
10152732	21100
1015375	18467
1015375	5229
10164507	14345
1016945	12936
1016945	17012
1016945	9031
10170646	15501
10170646	24384
10171931	19441
10171931	9129
1017225	22609
10178838	17808
10183195	7931
10184219	9286
10184219	10371
10184219	18836
10190620	16338
10190620	11869
10190620	8082
10190620	27817
10197768	5974
10197768	13355
1019784	12193
1019784	11329
1019784	16235
1019784	7914
1019784	5098
1019784	5008
1019784	8312
1019784	10331
10199048	13355
10205017	8724
10214993	20410
10215195	10401
10215195	7034
10215195	12165
10215432	11666
1021775	15122
1021775	5222
1021775	19589
1022088	8320
1022088	15367
1022088	16327
10223638	18882
10223638	20057
10232153	8724
10236699	15646
10236699	29224
1024003420	10827
1024037468	33630
1024038236	33630
1024038748	33630
1024040284	33630
1024040796	33630
1024041052	33630
1024041820	33630
1024042588	33630
1024044124	33630
1024044380	33630
1024044636	33630
10241563	21237
10241563	23471
10241563	10371
10241563	9286
10242587	5474
10242587	18162
1024350017	34728
1024350273	34728
1024350529	34728
1024350785	34728
1024351041	34728
1024369	25786
10248731	4316
10250268	8082
10250268	11677
10259222	11191
10263830	5536
10266139	4107
10266139	20189
10266390	23459
10266390	23119
10266390	9169
10270297	8722
1027441	18759
1027441	22660
1027441	19317
10277465	8724
10278489	11687
10285846	23119
10285846	23459
10287643	26237
10287643	15269
10290971	11700
10296342	10562
10296342	10606
10297372	33442
10304796	10447
10304796	8513
10305052	8082
10305052	6969
10305052	29193
10305052	29454
10310428	28677
10310428	8102
10310428	8826
10310428	19108
1031759	16064
1031759	7042
1031759	20220
10317832	21816
10317832	13355
10319705	15518
10319900	9055
10319900	20264
10319961	11687
10320662	8584
10320662	20235
10322203	23471
10322203	9286
10323289	8274
10323739	5574
1032817	15284
1032817	21458
1033073	21457
1033073	11124
1033073	6086
10333718	4475
10333718	14094
10335515	18553
10335515	9006
10335515	26038
10337307	11809
10337881	15530
10337881	7083
10338582	10727
10339350	10827
10339355	5574
10341142	6003
10341142	15125
10342683	10897
10346504	5483
10346504	13159
10346523	14556
10346523	5573
10346523	28613
10346523	24749
1034893	15881
10350102	6003
10350102	25664
1035386	7914
1035386	8023
1035386	12682
10355464	5038
10355464	21818
10355484	31244
10355484	16310
10355484	15500
10355739	15269
10355739	26237
10355990	14445
10355990	4628
1035625	10684
1035625	14962
1035625	26082
1035625	23975
10361110	21376
10361622	12657
10361622	7003
1036168	15312
10365718	4011
10365718	21381
10365718	24335
10373398	4628
10373398	16324
10373398	18692
10374934	8762
10376987	14342
10376987	23369
10376987	25467
10377755	21237
10377755	18836
10377755	9286
1037927	15189
10380571	15269
10380571	7642
10383126	6095
10383126	13840
10383126	24909
10383126	26417
1038331	30109
10383894	21382
10383894	10470
10384392	5038
10384392	21818
10389782	24021
10389782	6095
10389782	16429
10390294	12653
10390294	8584
10390294	20235
10391062	8067
10391062	11064
10391062	9796
10391062	18337
10391062	18848
10400022	21382
10403929	15530
10403929	7083
10404379	15269
10404379	26237
10404441	11660
10404441	7083
10404635	6765
10404635	21454
10405398	6005
10405398	11369
10406233	27776
10407452	19613
10407452	24370
10407452	11677
10407452	19107
10407452	7115
10416667	15525
10418966	8483
10419990	6095
10419990	21375
10419990	25591
10423835	25465
10423835	18327
10424347	25704
10426907	22240
10426907	23470
10426907	6883
10427163	4121
10427163	14342
10427163	23369
10427163	22241
10427163	25460
10428443	25463
10428505	5949
10428694	10605
10428694	21919
10428699	25465
10428699	18327
1043295	8609
10438683	8782
10438683	24244
10438939	16334
10444571	9006
10444571	23469
10444633	9573
10444633	5953
10453593	8721
10454105	8721
10465564	19448
10465564	27814
10466076	27817
10466076	26030
10466076	11869
10470678	15809
10472470	6005
10473499	6784
10473499	14342
10473499	22241
10473499	23369
10483995	5474
10483995	8005
10484507	14345
10486299	13088
10486299	9006
10486299	24419
10488342	8761
10488342	10372
10496539	18836
10496539	23288
10496539	21797
10496795	26554
10496795	8782
10496795	9002
10497369	15136
10497881	9990
10498075	6824
10498075	29044
10498075	23371
10498075	24408
10504475	23471
10504475	28611
10505755	6883
10505755	19048
10506841	7083
10507097	7083
1050729	17837
1050729	14962
10511643	4078
10511643	8719
10511643	22455
10511643	20047
10511899	22498
10511899	13469
1051241	14962
1051241	17837
1051241	10684
1051241	27586
1051497	14962
10516502	15322
10516502	22419
1051753	24318
1051753	17837
1051753	18460
1051753	14038
1051753	8292
1051753	4546
1052009	14962
1052296	5624
1052296	7347
10523675	9286
10523675	23471
10523675	27661
10523931	28613
10523931	14556
10524187	9001
10524187	6883
10526235	15646
10526235	25463
10527577	7082
10528345	5478
10528795	4078
10528795	28648
10529051	28653
10529051	6883
10529307	15269
10529307	25464
10529558	24333
10530587	15646
10530587	11905
10530587	4107
10530843	4107
10530843	12054
10530843	23009
10533142	25759
10533142	29811
10533142	6385
10535708	4487
10535708	19107
10535708	17041
10543643	15646
10543643	25463
10549081	18838
10549531	15646
10549531	15649
10549531	29224
10549782	24331
10549782	11167
10549782	6428
10551835	8782
10551835	12054
10551835	12752
10551835	24244
10551835	24380
10552091	14764
10558235	15107
10558235	8782
10558235	5210
10558235	20863
10563417	15127
10564892	17041
10564892	10504
10568214	23461
10568982	5168
10568982	12310
10569494	21460
10573083	14556
10579464	11922
10579464	7110
10579464	8612
10586907	26559
10587419	4078
10587931	10371
10587931	14122
10597721	11709
10602779	9129
10602779	28610
10602779	19441
10603286	19684
10603286	14913
10603291	18248
10603291	4316
10603547	4107
10603547	4142
10603547	6932
10603803	5536
10603803	11167
10603803	26074
10604310	20232
10604310	19093
10604310	8634
10604377	5954
10606681	15854
10609691	8782
10609947	25798
10610454	24385
10611720	20135
10611720	15747
10611720	15356
10611720	13343
10614361	9573
10616086	5940
10616086	24224
10617608	8612
10617878	11865
10617878	21689
10620188	15500
10620188	18866
10622486	11369
10625564	19108
10625564	29704
10626331	26561
10626331	13469
1062761	14038
1062761	20180
10627611	6883
10629660	12582
10630684	11869
10630684	16338
10632220	27817
10632220	26030
1063271	15189
10632732	27814
10632732	19448
1063529	34767
1063529	14962
10636827	14556
10638358	15006
10643478	8488
10643734	8488
10643990	19271
10644057	11686
10644569	15127
10647129	4997
10647385	4997
10647897	4997
10648342	10847
10648409	8721
10648598	10847
10648598	24224
10648921	8721
10649177	15518
10656028	15631
10656028	21366
10658843	27637
10658843	11700
10660630	6671
1066121	16382
10661915	9129
10661915	28610
10661915	19441
10663001	13430
10664025	9573
10664793	9573
10664793	11960
10665750	7004
10665750	7814
10666262	10727
10666518	10727
10666774	5536
10670614	21382
10672923	23834
10675996	28949
10675996	4487
10675996	17041
10675996	19107
10676252	4487
10685718	21460
10685979	7931
10686742	6008
10686742	25661
1069391	25992
1069391	24115
1069391	6960
1069391	18628
1069391	17424
10694427	18161
10694427	5566
10694683	4078
10694683	28648
10698585	11392
10702870	10369
10702870	20229
10704150	24909
10704150	6095
10704918	7599
10704918	22433
10704918	20029
10710617	5949
10710617	18504
10710873	12207
10711129	15571
10711641	9990
10711897	10768
10712153	13651
1071473	9066
1071473	6086
1071473	20374
1071729	15099
10720601	6599
10720601	9573
10723099	5571
10723099	5210
10723099	26144
10723611	26474
10723611	8948
10723611	14676
10724379	28612
10724379	20857
10724891	22276
10724891	27669
10724891	9286
10729243	11700
10729243	28609
10730329	11709
10731865	18750
10732121	8721
10742043	9129
10742043	15163
10756118	14488
10756118	6095
10756118	7264
10756118	19880
10760537	10768
10767900	6386
10767900	19108
10767900	28677
10768411	19048
10772507	4078
10772507	10424
10774873	8727
10774873	5949
10774873	16013
10781211	6784
10781211	25460
10783577	17005
10783833	8721
10786844	5824
10786844	21589
10794262	5166
10800406	8919
10800406	10814
10800406	18698
10800406	27525
10800918	20452
10800918	14838
10800918	14738
10800918	10814
10800918	8919
10801430	8919
10801430	10814
10801430	14738
10802710	14738
10802710	12623
10802710	17151
10802710	10814
10802710	4530
10802710	20452
10803222	20452
10803222	10814
10803222	14738
10811420	26030
1081151	18987
10812438	16432
10812438	13470
10812438	24994
1081449	28421
1081449	14038
10815771	20857
10816278	14738
10816278	12623
10816278	17151
10816278	4530
10816790	4530
10816790	17151
10816790	12623
10816790	14738
1081705	14038
1081705	24473
10817302	21214
10817302	17151
10817302	4530
10817302	8195
10818075	24247
10819867	23009
10819867	27660
10819867	4107
10819867	18327
10822422	15006
10830876	11073
10832729	12191
10835227	9006
10835227	25464
10835227	24419
10839062	25662
10840409	5949
1084239	12013
1084239	18201
1084495	11069
10846748	14823
10846748	8082
10848028	8082
10848028	4487
10848601	18893
10850838	12624
10850838	5958
10850838	8761
10850838	10372
10860566	8790
10860566	4968
10860566	11093
10860566	13250
10860566	17100
10861851	11809
10861851	28676
10861851	21987
10862107	24749
10862107	5573
10862363	29623
10862363	26308
10862614	23372
10862614	8061
10862619	5567
10862619	5186
10862870	7814
10862870	10575
10862870	15269
10869531	18836
10869531	9286
10869531	23471
10869531	28611
10871579	26556
10874390	24414
10874390	13245
10878517	5991
10878517	5373
10882587	5026
10882587	9006
10882587	18553
1088831	26257
10893078	17100
10893078	13250
10893078	11093
10893078	8790
10893078	4968
10898715	9286
10898715	28611
10898715	23471
10902361	5953
10912283	9286
10912283	18836
10912283	27661
10912539	27661
10912539	23471
10912539	18836
10912539	9286
10916360	13159
10919195	26560
10919195	25464
1092201	14962
1092201	17837
10927705	9573
10934811	7034
10934811	26345
10936347	24457
10936603	25798
10942553	11660
10942809	8728
10943516	8065
10943516	20387
10945558	22407
10945558	7004
10946843	19238
10947099	20857
1094719	14114
1094719	8397
1095015	5697
1095015	15189
10952470	14741
10954267	16334
10954267	21351
10954523	23468
10955035	28613
10955035	14556
10955291	13469
10955353	5485
10955353	7083
10958620	15500
10958876	18866
10958876	22430
10960412	21366
10960412	18866
10960412	15631
10960668	19107
10960668	11677
10960668	7115
10960668	19613
10960668	24370
10962459	26237
10962459	15269
10962715	9001
1096305	15284
10963734	12496
10963734	23475
10964508	15631
10964508	19108
10966361	19550
10969878	20089
10969878	12636
10969878	11865
10969878	11243
10969878	14429
1097065	14038
1097065	10684
1097065	20180
10970908	8173
10971420	8826
10975004	4181
10975004	17041
10975772	19108
10975772	28677
10977814	23475
10977814	12496
1097864	11329
1097864	5098
1097864	7914
1097864	8197
1097864	10972
1097864	19775
10980635	23469
10980635	9006
10980635	12260
10980636	17192
10980636	8344
10980891	8782
10980891	15839
10981147	8782
10981147	27659
10981404	8174
10983190	8919
10983190	25605
10983190	25427
10996507	28612
10997019	24380
10997019	12054
10997019	12752
10998043	4316
11002201	8947
11002713	7083
11002713	13317
11002907	12957
11003163	9001
11007833	9990
11008795	9218
11008795	14342
11008795	15990
11009051	23471
11009307	23468
11009307	24248
11009307	14342
11011355	12957
11011868	15500
11011868	18866
11011868	22430
11012124	22430
11012124	18866
11012124	15500
11020827	9286
11020827	21237
11020827	27661
11021078	14063
11021083	10047
11021334	14063
11022169	11716
11024918	8485
11024918	7003
11025430	11951
11027227	11905
11027227	15269
11027227	26237
11029019	5474
11029019	8005
11029275	25463
11029275	29224
11036950	25658
11036950	20036
11036950	6005
11043099	10978
11043099	23288
11043355	5567
11043606	7814
11043606	19753
11048219	9806
11049238	12668
11049238	25664
11052566	20834
11052566	18337
11052566	11064
11052566	8067
1105265	9032
1105265	7925
1105265	6778
1105265	15104
11054875	23010
11054875	32073
11055131	29624
11055131	6415
11055131	9806
11055131	10555
11055382	12659
11055382	25606
11055387	21237
11055387	21524
11055387	9274
11055387	9286
11055643	23629
11055894	25606
11055894	12659
11058454	11576
11058454	4799
11058454	20862
11058715	30913
11058971	25464
11058971	21454
11059483	5571
11059483	5210
11059720	5038
11059720	21818
11060246	25790
11060246	15322
11060507	4107
11062038	6095
11062038	24021
11063574	14063
11064091	5210
11064091	5571
11064091	20863
11064347	9002
11064347	8782
11064347	15107
11066395	6883
11066395	28653
11067163	24256
11067414	21382
11067414	8195
11067414	9788
11067414	10470
11072278	15322
11072278	22419
11072534	22419
11072534	15322
11072790	15322
11072790	17577
11073820	22430
11091289	16352
11091545	8721
11092763	7034
11092763	12725
11099670	12728
11099670	19035
11099670	15501
11099670	28480
11100699	23468
11105563	23778
1110664	10412
11107868	8824
11107868	11869
11108636	27817
11108636	26030
11114518	14095
11114774	6428
11114774	20234
11117334	20229
11117334	10369
11117334	11951
11117334	11624
11119131	18836
11119131	9286
11119131	23471
11119131	27661
11119387	26559
11119387	23470
11119387	6883
11119387	17076
11120156	18866
11120156	15500
11121179	20047
11121179	29619
11135254	27560
1113736	10412
11138568	8721
11138568	20272
11138568	23005
11139350	21382
11139350	28956
11139350	10470
11139611	14556
11139611	28613
11143190	18726
11143196	11073
11143196	8082
11143196	28422
11143958	6676
11143958	13068
11143958	19095
11144470	19095
11144470	13068
11144470	27557
11144726	8762
11145494	10470
11145494	9788
11150108	11073
11150108	11974
11150358	18168
11150358	16118
11150358	23394
11150358	23982
11150619	23470
11150619	26559
11150619	6883
11151131	6883
11151131	17076
11151131	23470
11151387	23470
11151387	17076
11151387	6883
11151899	25463
1115199	8996
1115199	11040
1115199	8397
1115199	15711
11155227	13469
11155227	10370
11155929	7180
11155929	15477
11156507	18327
11156507	4107
11156507	27638
11157526	21382
11157526	10470
11158043	6883
11158043	6765
11158043	22240
11158043	23470
11158043	30914
1115967	23190
1115967	23191
1115967	15751
11160091	4078
11160091	28648
11160347	28648
11160347	4078
11161110	6127
11161110	9775
11161110	8838
11161110	26284
11161622	23496
11161622	6127
11161622	12659
11161817	4350
11162073	11346
11162073	13296
11162073	13298
11162073	13299
11162073	13301
11162073	13302
1116265	27785
11163144	15571
11163400	5038
11163400	21818
11163670	22437
11164438	25606
11164438	12659
1116521	14962
1116521	17837
1116521	28211
11165462	24387
11165462	6127
11165462	8838
11167003	16148
11167003	24560
1116886	28327
1116886	26291
1116886	8604
1116886	10720
11170326	9169
11170326	23119
11170326	23459
11170582	24331
11170582	6428
11170582	12653
11170582	11167
11170838	6821
11170838	21303
1117142	12031
1117142	15858
1117142	18112
11178006	9169
11178006	23456
11178262	4628
11180377	12628
1118271	15864
1118271	21605
11184918	21758
11191067	24243
11191067	29624
11191067	6415
11191067	9806
11191067	10555
11193110	8483
11193110	11115
11194329	7261
11201302	7696
11201302	4965
11201302	22421
11202393	5949
11202393	11666
11202393	18504
11202905	21658
11204635	27660
11207190	20321
11207190	6671
11207707	4078
11207707	10424
11207707	33473
11207944	10571
1120881	8333
1120881	8790
1120881	12417
11209689	16239
11209689	9236
11211542	19095
11216601	15456
11216601	12039
11216601	8280
11217369	6994
11217369	15627
11217369	15686
11217625	15686
11217625	15627
11217625	18203
11217625	6994
11217625	6902
11217881	6902
11217881	6994
11217881	15686
11221593	9990
11223323	7034
11223323	12725
11223579	21238
1122696	8404
11227670	13068
11227670	15683
11227675	23468
11227931	17076
11227931	6883
11228187	23471
1122952	8404
1122952	17864
1123208	17864
1123208	8404
1123208	21437
11237910	24384
11237910	15501
11239963	6883
11239963	26559
11240921	18362
11240921	11622
11240921	11308
11241689	16103
11241689	5935
11241689	20653
11241755	18580
11241945	15666
11242011	18580
1124209	11124
1124209	6086
1124209	20370
11242267	18580
11242523	18580
11254299	18327
11254299	25450
11256603	18580
1125737	14038
1125737	10684
1125737	20180
11265307	30908
11265307	6883
1126536	6375
1126536	6981
1126536	4570
1126536	8307
1126536	8857
11265563	9001
11265563	6883
11268374	6428
11268374	13481
11269593	16340
11269593	9275
11270422	5536
1127126	18112
1127126	29582
1127126	23000
11272153	16340
11272153	9275
11273689	6135
11274267	14556
11274523	23778
11275035	19859
1127560	24296
1127560	13654
1127560	5229
1127560	8320
11276249	15536
11277273	12531
11277334	13568
11277334	24386
1127816	15367
1127816	16327
1127816	8320
11278297	7002
11278297	15667
11278297	13310
1128072	14762
1128072	18749
1128072	8320
1128072	19485
11281174	25661
11281174	6008
11283033	12191
1128328	16327
1128328	8320
1128540	6110
1128540	5248
1128540	4566
1128540	12090
1128540	21999
1128561	18387
1128561	9635
1128561	9892
1128817	6086
1128817	11124
1128817	11789
1128817	20370
11289878	23479
11289878	11865
1129073	11122
1129073	15490
1129073	9032
1129073	8333
11292699	23778
11295321	7083
11295577	7083
11296027	14342
11296027	23369
11296027	25467
11297558	24404
11297558	24411
11299355	23470
11299355	26559
11299355	17076
11299355	6883
11299606	7545
11299606	5483
11299606	18388
11300569	18330
1130076	4810
1130076	4828
1130076	8957
11300891	10926
11300891	15646
11302166	15413
11302166	11343
11302166	24347
11302166	21550
11302617	14912
11302617	9790
11302617	9794
11302617	7104
11302873	6965
11304731	9067
11304731	21125
1130575	5249
11306262	23201
1130710	12031
11312918	14095
11316507	18553
11323158	18876
11323158	6821
11326747	18580
11336982	16142
11336982	4628
11336982	22213
11337494	5168
11338262	15241
11338262	17868
11338262	22594
11338262	28591
11338518	15571
11339542	11369
11339542	6005
11344089	7802
11348246	5536
11350043	19048
11350043	25450
11356699	24749
11356699	5573
11361558	22672
11361558	21758
113659	8308
113659	8532
113659	18278
113659	11775
113659	12092
113659	14678
113659	14573
11365977	9573
11367769	7083
11369992	5038
11371542	4071
11371542	7692
1137244	6061
1137244	8957
1137244	16012
11376667	16148
11376667	15696
11376667	24560
11377625	10511
11377881	10644
11377881	5329
11378137	13409
11378137	13023
11381849	15136
11381849	8398
11382105	11666
11382361	18750
11384347	14556
11384347	29799
11385366	21304
11385366	18168
11385366	6821
11385622	6821
11385622	21303
1138569	5248
1138569	19106
11386907	18836
11386907	9286
11386907	27669
1138793	28421
1138793	20180
1138793	10684
1138793	14038
11388699	15269
1139081	13400
1139081	7446
1139081	21333
113915	8532
113915	8308
113915	14573
113915	14678
113915	11775
113915	12092
113915	18278
11392790	5166
11392790	4628
11393558	6673
11393558	9449
11393558	15680
11396697	11666
11397896	19533
11399958	23454
11399958	11191
11402267	9274
11402267	9286
11402267	21237
11402267	21524
11402267	29190
11403016	21816
11403016	13159
11405590	15006
11405590	25429
11408601	16239
11408601	4917
11409753	8398
11411417	12939
11412569	17005
11412763	6883
11412763	25977
11413337	8724
1141340	4566
11413593	5949
11413593	13351
11414105	13429
11414361	18838
11415129	11687
11415129	11717
11416153	18838
11416921	13432
114171	14573
114171	11775
114171	12092
114171	18278
114171	15641
114171	8532
114171	8308
11417433	12207
11417561	13601
11417561	13602
11417561	7182
11417689	11687
11418457	15571
11419675	27630
1142103	4159
11421206	11865
11421206	26322
11423254	21327
11423254	15006
11430408	13159
11430934	6676
11430934	8779
11430934	23463
11430934	25799
11435030	6671
11442454	10814
11442454	14738
11442454	20452
114427	12313
114427	8308
114427	7525
114427	4763
11442966	4530
11442966	10814
11442966	12623
11442966	14738
11442966	17151
11442966	20452
11446550	15682
11446550	5168
11450651	25798
11450907	23468
11451419	26558
11451419	9806
11451419	16173
11453785	5485
11453785	7083
11454742	14063
11455833	15518
11456089	19511
11457881	12190
11457881	11709
11457881	9573
11459161	5953
11459929	9634
11461977	8721
11462233	7082
11467865	8947
11469339	9806
11469339	16173
11473174	15322
11473174	13714
11473174	10660
11478811	8005
11478811	5474
11479062	25662
11479067	25450
11479067	19048
11479318	10878
11481177	5953
11481366	15501
11481366	21984
11484187	15163
11484187	9129
11486297	5949
11486297	18504
11487065	8432
11487321	8432
11488601	8721
1149247	14113
11498201	11713
11498201	11654
11498201	12266
11498201	15666
11498201	6846
1150015	5379
1150015	12481
1150031	11069
11502870	10827
11504411	4078
11504411	28648
11505179	10813
11506777	4317
11507161	18330
11507417	10331
11508246	16429
11508246	15501
11508246	31601
11508441	15902
11508441	13301
11508441	13299
11508441	10331
11512025	8593
11512025	7798
11512025	11308
11512091	13182
11512091	14026
11512091	10499
11512091	31322
11512281	4350
11512793	7476
11512793	6171
11512793	14502
11513561	10331
11514073	8593
11514073	7798
11514073	11308
1151591	21593
11515931	15269
1151601	15104
1151601	9032
11519254	10814
11519254	4530
11519254	14738
11519254	20452
11520089	7083
1152369	7849
1152369	5222
1152369	15460
11524374	14738
11524374	26076
1152649	19106
1152649	5248
11528409	15328
11529305	12205
11529305	9634
11533785	5231
11533785	19430
11534041	20166
11534041	13297
11534041	15686
11535382	18876
11535382	6821
11539990	6671
11540502	11865
11540502	21690
11541014	23475
11541014	12496
11545433	5949
11546646	15006
11546646	27562
11547926	24409
11552534	20199
11552534	12508
11552534	9796
11554331	15646
11554649	9990
11559963	27637
11567449	15126
11568473	19600
11573526	20232
11573526	8634
11574806	6821
11574806	18590
11574806	32938
11576854	23838
11576854	18876
11576854	11651
11577115	5574
11577115	9129
11577622	8926
11577622	7692
11577878	5026
11577878	11191
11577878	31054
1157993	14962
11580182	4967
11580182	6671
11580182	22440
11581192	19533
11581206	29567
11581206	15413
11581462	19110
11581462	4475
11581974	8779
11581974	15683
11582230	6095
11582230	19880
11582230	24909
11582742	5168
11582742	15682
11582742	15680
11584729	5329
11584985	10331
11584985	10061
11584985	15902
11584985	11622
11585241	10337
11585241	21069
11587867	23288
11587867	29923
11587867	9286
11587867	18836